const c11 = [90623239.99,
            182474802.4,
            275938764.1,
            371375544.7,
            371375544.7,
            469166437,
            569728465.2,
            673522918.8,
            781065515.1,
            892961583.9,
            1009978317,
            1133092736,
            1263422928,
            1402007314,
            1705708949,
            2038618349,
            0.00000000132,
            0.00000000132,
            116259602.3,
            116259602.3,
            265342640.1,
            265342640.1,
            265342640.1,
            427928391.8,
            427928391.8,
            608069835.3,
            608069835.3,
            810565198.9,
            810565198.9,
            1040780503,
            1040780503,
            1304213019,
            1606589475,
            0.00000000132,
            183542861.8,
            183542861.8,
            277802923.9,
            277802923.9,
            472138779.2,
            472138779.2,
            574505698.8,
            574505698.8,
            787397838.4,
            902722050.9,
            902722050.9,
            1145788681,
            1281767701,
            1569168559,
            1729032698,
            2058399163,
            181345433.9,
            181345433.9,
            275279045.1,
            275279045.1,
            463319316.5,
            463319316.5,
            564208408.8,
            763149812.8,
            763149812.8,
            874334541.4,
            1090348758,
            1216962993,
            1216962993,
            1455875777,
            1598611671,
            1853657268,
            2250985995,
            91670120.95,
            91670120.95,
            183693624.1,
            183693624.1,
            279877786,
            279877786,
            376070486,
            479455919.4,
            479455919.4,
            582032933.1,
            695801110.3,
            807416334.9,
            807416334.9,
            935100210.1,
            1058736321,
            1203911967,
            1508385126,
            0.00000000132,
            71493084.84,
            123693866.8,
            150619115.3,
            210032169.2,
            242907502,
            312145054.6,
            348904231.9,
            431006321.5,
            523509483.3,
            627951801,
            745831205.1,
            878442680.4,
            1026599064,
            1278229897,
            1558139610,
            1957306455,
            2957458810]
        const c12 = [2093444.168,
            8405606.153,
            19072201.75,
            34291368.43,
            34291368.43,
            54314327.08,
            79442162.72,
            110030156.7,
            146498693.3,
            189362253.1,
            239269113.1,
            297005696.2,
            363416622.9,
            439225843.9,
            619831793.2,
            833042669.2,
            0.00000000065,
            0.00000000065,
            26639541.93,
            26639541.93,
            85804458.38,
            85804458.38,
            85804458.38,
            154903886.1,
            154903886.1,
            233978482,
            233978482,
            323413695.8,
            323413695.8,
            424446567.6,
            424446567.6,
            540295724,
            678524352.1,
            0.00000000065,
            8573150.884,
            8573150.884,
            19339259.36,
            19339259.36,
            55282482.09,
            55282482.09,
            80751116.66,
            80751116.66,
            149174661.3,
            193182656.6,
            193182656.6,
            303214818,
            371600373.7,
            534261814.4,
            629870474.5,
            842936970.4,
            4235255.329,
            4235255.329,
            12698435.92,
            12698435.92,
            32325184.76,
            32325184.76,
            52296080.85,
            89295938.85,
            89295938.85,
            122733409.9,
            180335433.2,
            229857344.1,
            229857344.1,
            310991423.4,
            378154087.2,
            482249429.5,
            686328363.6,
            4235255.329,
            4235255.329,
            12698435.92,
            12698435.92,
            32325184.76,
            32325184.76,
            52296080.85,
            89295938.85,
            89295938.85,
            122733409.9,
            180335433.2,
            229857344.1,
            229857344.1,
            310991423.4,
            378154087.2,
            482249429.5,
            686328363.6,
            0.00000000065,
            70984748.82,
            121103498.7,
            145461252,
            197656126.1,
            226205160.9,
            280272711.4,
            304951948.7,
            359001400.7,
            412599797.4,
            465339228.4,
            517123711.2,
            568363987.3,
            620089030.8,
            707098655.4,
            795400849.9,
            944422059.1,
            1456658807]

        const c22 = [90623239.99,
            182474802.4,
            275938764.1,
            371375544.7,
            371375544.7,
            469166437,
            569728465.2,
            673522918.8,
            781065515.1,
            892961583.9,
            1009978317,
            1133092736,
            1263422928,
            1402007314,
            1705708949,
            2038618349,
            0.00000000132,
            0.00000000132,
            116259599,
            116259599,
            265342640.1,
            265342640.1,
            265342640.1,
            427928391.8,
            427928391.8,
            608069835.3,
            608069835.3,
            810565198.9,
            810565198.9,
            1040780503,
            1040780503,
            1304213019,
            1606589475,
            0.00000000132,
            183542861.8,
            183542861.8,
            277802923.9,
            277802923.9,
            472138779.2,
            472138779.2,
            574505698.8,
            574505698.8,
            787397838.4,
            902722050.9,
            902722050.9,
            1145788681,
            1281767701,
            1569168559,
            1729032698,
            2058399163,
            91670120.95,
            91670120.95,
            183693624.1,
            183693624.1,
            279877786,
            279877786,
            376070486,
            479455919.4,
            479455919.4,
            582032933.1,
            695801110.3,
            807416334.9,
            807416334.9,
            935100210.1,
            1058736321,
            1203911967,
            1508385126,
            181345433.9,
            181345433.9,
            275279045.1,
            275279045.1,
            463319316.5,
            463319316.5,
            564208408.8,
            763149812.8,
            763149812.8,
            874334541.4,
            1090348758,
            1216962993,
            1216962993,
            1455875777,
            1598611671,
            1853657268,
            2250985995,
            0.00000000132,
            71493084.84,
            123693866.8,
            149145403.9,
            207270420.5,
            242907502,
            312145054.6,
            342144956,
            421453651.8,
            510593773.5,
            611097582.2,
            724494257.9,
            852178085.9,
            995165752,
            1278229897,
            1513395134,
            1909482036,
            2957458810]

        const c16 = [0,
            0,
            0,
            0,
            0,
            0,
            0,
            0,
            0,
            0,
            0,
            0,
            0,
            0,
            0,
            0,
            0,
            0,
            0,
            0,
            0,
            0,
            0,
            0,
            0,
            0,
            0,
            0,
            0,
            0,
            0,
            0,
            0,
            0,
            0,
            0,
            0,
            0,
            0,
            0,
            0,
            0,
            0,
            0,
            0,
            0,
            0,
            0,
            0,
            0,
            0,
            0,
            0,
            0,
            0,
            0,
            0,
            0,
            0,
            0,
            0,
            0,
            0,
            0,
            0,
            0,
            0,
            0,
            0,
            0,
            0,
            0,
            0,
            0,
            0,
            0,
            0,
            0,
            0,
            0,
            0,
            0,
            0,
            0,
            0,
            0,
            0,
            0,
            0,
            0,
            0,
            0,
            0,
            0,
            0,
            0,
            0,
            0,
            0,
            0,
            0,
            0]

        const c26 = [0,
            0,
            0,
            0,
            0,
            0,
            0,
            0,
            0,
            0,
            0,
            0,
            0,
            0,
            0,
            0,
            0,
            0,
            0,
            0,
            0,
            0,
            0,
            0,
            0,
            0,
            0,
            0,
            0,
            0,
            0,
            0,
            0,
            0,
            0,
            0,
            0,
            0,
            0,
            0,
            0,
            0,
            0,
            0,
            0,
            0,
            0,
            0,
            0,
            0,
            0,
            0,
            0,
            0,
            0,
            0,
            0,
            0,
            0,
            0,
            0,
            0,
            0,
            0,
            0,
            0,
            0,
            0,
            0,
            0,
            0,
            0,
            0,
            0,
            0,
            0,
            0,
            0,
            0,
            0,
            0,
            0,
            0,
            0,
            0,
            0,
            0,
            0,
            0,
            0,
            0,
            0,
            0,
            0,
            0,
            0,
            0,
            0,
            0,
            0,
            0,
            0]

        const c66 = [88309.93157,
            659386.3239,
            2265031.235,
            5550607.764,
            5550607.764,
            11268443.83,
            20280560.03,
            33542822.99,
            52060492.77,
            76804766.94,
            108583866.7,
            147873206.3,
            194629201.4,
            248137493.8,
            369056862.6,
            493346106.3,
            0.000000000335,
            0.000000000335,
            23319818.37,
            23319818.37,
            70822453.67,
            70822453.67,
            70822453.67,
            121667263.1,
            121667263.1,
            178115486.7,
            178115486.7,
            242160288.9,
            242160288.9,
            314940502.1,
            314940502.1,
            395789611.9,
            481447169.9,
            0.000000000335,
            750684.3863,
            750684.3863,
            1910101.537,
            1910101.537,
            10771245.41,
            10771245.41,
            16973036.68,
            16973036.68,
            48211481.05,
            66821719.89,
            66821719.89,
            138636386.2,
            177849815.5,
            295824728.8,
            353858560.4,
            488306419.5,
            240240.2968,
            240240.2968,
            943533.562,
            943533.562,
            4154620.418,
            4154620.418,
            8030346.959,
            19219715.77,
            19219715.77,
            30160074.82,
            56298745.46,
            79411954.89,
            79411954.89,
            128009210.4,
            167816449.7,
            242391995.8,
            393330312.6,
            240240.2968,
            240240.2968,
            943533.562,
            943533.562,
            4154620.418,
            4154620.418,
            8030346.959,
            19219715.77,
            19219715.77,
            30160074.82,
            56298745.46,
            79411954.89,
            79411954.89,
            128009210.4,
            167816449.7,
            242391995.8,
            393330312.6,
            0.000000000335,
            65896060.29,
            107843882.7,
            127920809.6,
            167949048.5,
            187921417.9,
            226165100.1,
            244447672.2,
            281017904.5,
            316530250.8,
            351028801.9,
            384571091.3,
            417248602.4,
            449192874.3,
            496464925,
            542019821,
            601747224.5,
            750400001.7]